<?xml version="1.0" encoding="UTF-8" standalone="no" ?>
<COLLADA xmlns="http://www.collada.org/2005/11/COLLADASchema" version="1.4.1">
    <asset>
        <contributor>
            <authoring_tool>SketchUp 24.0.483</authoring_tool>
        </contributor>
        <created>2024-08-13T16:06:13Z</created>
        <modified>2024-08-13T16:06:13Z</modified>
        <unit meter="0.0254000" name="inch" />
        <up_axis>Z_UP</up_axis>
    </asset>
    <library_cameras>
        <camera id="ID1" name="skp_camera_Last_Saved_SketchUp_View">
            <optics>
                <technique_common>
                    <perspective>
                        <yfov>35.0000000</yfov>
                        <aspect_ratio>0.0000000</aspect_ratio>
                        <znear>1.0000000</znear>
                        <zfar>1000.0000000</zfar>
                    </perspective>
                </technique_common>
            </optics>
        </camera>
        <camera id="ID2" name="skp_camera_Home">
            <optics>
                <technique_common>
                    <perspective>
                        <yfov>35.0000000</yfov>
                        <aspect_ratio>0.0000000</aspect_ratio>
                        <znear>1.0000000</znear>
                        <zfar>1000.0000000</zfar>
                    </perspective>
                </technique_common>
            </optics>
        </camera>
    </library_cameras>
    <library_visual_scenes>
        <visual_scene id="ID3">
            <node name="SketchUp">
                <instance_geometry url="#ID1932">
                    <bind_material>
                        <technique_common>
                            <instance_material symbol="Material2" target="#ID500">
                                <bind_vertex_input semantic="UVSET0" input_semantic="TEXCOORD" input_set="0" />
                            </instance_material>
                        </technique_common>
                    </bind_material>
                </instance_geometry>
                <node name="skp_camera_Last_Saved_SketchUp_View">
                    <matrix>-0.8448999 0.0602274 -0.5315231 -3752.6618652 -0.5349244 -0.0951277 0.8395276 10124.5244141 0.0000000 0.9936415 0.1125905 1736.3554688 0.0000000 0.0000000 0.0000000 1.0000000</matrix>
                    <instance_camera url="#ID1" />
                </node>
                <node name="skp_camera_Home">
                    <matrix>-0.8258235 0.1285110 -0.5490906 -4786.2827148 -0.5639287 -0.1881929 0.8040945 10653.0625000 0.0000000 0.9736880 0.2278851 2397.3286133 0.0000000 0.0000000 0.0000000 1.0000000</matrix>
                    <instance_camera url="#ID2" />
                </node>
                <node id="ID4" name="group_0">
                    <matrix>0.9197470 0.3925118 0.0000000 136.8555232 -0.3925118 0.9197470 0.0000000 1814.1234800 0.0000000 -0.0000000 1.0000000 191.0609115 0.0000000 0.0000000 0.0000000 1.0000000</matrix>
                    <instance_geometry url="#ID450">
                        <bind_material>
                            <technique_common>
                                <instance_material symbol="Material2" target="#ID8">
                                    <bind_vertex_input semantic="UVSET0" input_semantic="TEXCOORD" input_set="0" />
                                </instance_material>
                                <instance_material symbol="Material3" target="#ID451">
                                    <bind_vertex_input semantic="UVSET0" input_semantic="TEXCOORD" input_set="0" />
                                </instance_material>
                            </technique_common>
                        </bind_material>
                    </instance_geometry>
                    <instance_geometry url="#ID463">
                        <bind_material>
                            <technique_common>
                                <instance_material symbol="Material2" target="#ID31">
                                    <bind_vertex_input semantic="UVSET0" input_semantic="TEXCOORD" input_set="0" />
                                </instance_material>
                            </technique_common>
                        </bind_material>
                    </instance_geometry>
                    <instance_geometry url="#ID469">
                        <bind_material>
                            <technique_common>
                                <instance_material symbol="Material2" target="#ID451">
                                    <bind_vertex_input semantic="UVSET0" input_semantic="TEXCOORD" input_set="0" />
                                </instance_material>
                            </technique_common>
                        </bind_material>
                    </instance_geometry>
                    <instance_geometry url="#ID477">
                        <bind_material>
                            <technique_common>
                                <instance_material symbol="Material2" target="#ID478">
                                    <bind_vertex_input semantic="UVSET0" input_semantic="TEXCOORD" input_set="0" />
                                </instance_material>
                            </technique_common>
                        </bind_material>
                    </instance_geometry>
                    <instance_geometry url="#ID483">
                        <bind_material>
                            <technique_common>
                                <instance_material symbol="Material2" target="#ID478">
                                    <bind_vertex_input semantic="UVSET0" input_semantic="TEXCOORD" input_set="0" />
                                </instance_material>
                            </technique_common>
                        </bind_material>
                    </instance_geometry>
                    <instance_geometry url="#ID487">
                        <bind_material>
                            <technique_common>
                                <instance_material symbol="Material2" target="#ID478">
                                    <bind_vertex_input semantic="UVSET0" input_semantic="TEXCOORD" input_set="0" />
                                </instance_material>
                            </technique_common>
                        </bind_material>
                    </instance_geometry>
                    <instance_geometry url="#ID491">
                        <bind_material>
                            <technique_common>
                                <instance_material symbol="Material2" target="#ID478">
                                    <bind_vertex_input semantic="UVSET0" input_semantic="TEXCOORD" input_set="0" />
                                </instance_material>
                            </technique_common>
                        </bind_material>
                    </instance_geometry>
                    <instance_geometry url="#ID495">
                        <bind_material>
                            <technique_common>
                                <instance_material symbol="Material2" target="#ID478">
                                    <bind_vertex_input semantic="UVSET0" input_semantic="TEXCOORD" input_set="0" />
                                </instance_material>
                            </technique_common>
                        </bind_material>
                    </instance_geometry>
                    <instance_geometry url="#ID499">
                        <bind_material>
                            <technique_common>
                                <instance_material symbol="Material2" target="#ID500">
                                    <bind_vertex_input semantic="UVSET0" input_semantic="TEXCOORD" input_set="0" />
                                </instance_material>
                            </technique_common>
                        </bind_material>
                    </instance_geometry>
                    <instance_geometry url="#ID505">
                        <bind_material>
                            <technique_common>
                                <instance_material symbol="Material2" target="#ID500">
                                    <bind_vertex_input semantic="UVSET0" input_semantic="TEXCOORD" input_set="0" />
                                </instance_material>
                            </technique_common>
                        </bind_material>
                    </instance_geometry>
                    <instance_geometry url="#ID509">
                        <bind_material>
                            <technique_common>
                                <instance_material symbol="Material2" target="#ID510">
                                    <bind_vertex_input semantic="UVSET0" input_semantic="TEXCOORD" input_set="0" />
                                </instance_material>
                            </technique_common>
                        </bind_material>
                    </instance_geometry>
                    <instance_geometry url="#ID515">
                        <bind_material>
                            <technique_common>
                                <instance_material symbol="Material2" target="#ID500">
                                    <bind_vertex_input semantic="UVSET0" input_semantic="TEXCOORD" input_set="0" />
                                </instance_material>
                                <instance_material symbol="Material3" target="#ID510">
                                    <bind_vertex_input semantic="UVSET0" input_semantic="TEXCOORD" input_set="0" />
                                </instance_material>
                            </technique_common>
                        </bind_material>
                    </instance_geometry>
                    <instance_geometry url="#ID519">
                        <bind_material>
                            <technique_common>
                                <instance_material symbol="Material2" target="#ID500">
                                    <bind_vertex_input semantic="UVSET0" input_semantic="TEXCOORD" input_set="0" />
                                </instance_material>
                            </technique_common>
                        </bind_material>
                    </instance_geometry>
                    <instance_geometry url="#ID523">
                        <bind_material>
                            <technique_common>
                                <instance_material symbol="Material2" target="#ID510">
                                    <bind_vertex_input semantic="UVSET0" input_semantic="TEXCOORD" input_set="0" />
                                </instance_material>
                            </technique_common>
                        </bind_material>
                    </instance_geometry>
                    <node id="ID5" name="instance_0">
                        <matrix>-0.8089305 0.0200474 -0.0000000 641.0703358 0.0200474 0.8089305 0.0000000 -873.4546652 -0.0000000 -0.0000000 0.8091789 -92.2155903 0.0000000 0.0000000 0.0000000 1.0000000</matrix>
                        <instance_node url="#ID6" />
                    </node>
                    <node id="ID48" name="instance_1">
                        <matrix>0.8091789 -0.0000000 0.0000000 1085.7489469 0.0000000 0.8091789 0.0000000 -878.9639705 0.0000000 0.0000000 0.8091789 -92.2155903 0.0000000 0.0000000 0.0000000 1.0000000</matrix>
                        <instance_node url="#ID49" />
                    </node>
                    <node id="ID84" name="instance_2">
                        <matrix>-0.8089319 0.0199921 0.0000000 1676.2962303 0.0199921 0.8089319 0.0000000 2570.9936731 0.0000000 0.0000000 0.8091789 307.3043426 0.0000000 0.0000000 0.0000000 1.0000000</matrix>
                        <instance_node url="#ID85" />
                    </node>
                    <node id="ID92" name="instance_3">
                        <matrix>-0.8089319 0.0199921 0.0000000 1685.3734034 0.0199921 0.8089319 -0.0000000 2833.0266703 0.0000000 0.0000000 0.8091789 718.4647830 0.0000000 0.0000000 0.0000000 1.0000000</matrix>
                        <instance_node url="#ID93" />
                    </node>
                    <node id="ID120" name="instance_4">
                        <matrix>0.8091789 -0.0000000 0.0000000 136.2684879 0.0000000 0.8091789 0.0000000 2590.0210293 0.0000000 0.0000000 0.8091789 307.3043426 0.0000000 0.0000000 0.0000000 1.0000000</matrix>
                        <instance_node url="#ID121" />
                    </node>
                    <node id="ID128" name="instance_5">
                        <matrix>-0.8089319 0.0199921 0.0000000 1662.2088649 0.0199921 0.8089319 -0.0000000 2965.5070993 0.0000000 0.0000000 0.8091789 575.8520934 0.0000000 0.0000000 0.0000000 1.0000000</matrix>
                        <instance_node url="#ID129" />
                    </node>
                    <node id="ID136" name="instance_6">
                        <matrix>0.8091789 -0.0000000 0.0000000 160.0986122 0.0000000 0.8091789 0.0000000 2984.0659574 0.0000000 0.0000000 0.8091789 575.8521508 0.0000000 0.0000000 0.0000000 1.0000000</matrix>
                        <instance_node url="#ID137" />
                    </node>
                    <node id="ID144" name="instance_7">
                        <matrix>-0.8089319 0.0199921 0.0000000 1675.0895964 0.0199921 0.8089319 0.0000000 1964.5569800 0.0000000 0.0000000 0.8091789 196.8683111 0.0000000 0.0000000 0.0000000 1.0000000</matrix>
                        <instance_node url="#ID145" />
                    </node>
                    <node id="ID152" name="instance_8">
                        <matrix>0.8091789 -0.0000000 0.0000000 122.4917430 0.0000000 0.8091789 0.0000000 1983.7396424 0.0000000 0.0000000 0.8091789 196.8683111 0.0000000 0.0000000 0.0000000 1.0000000</matrix>
                        <instance_node url="#ID153" />
                    </node>
                    <node id="ID160" name="instance_9">
                        <matrix>-0.8089319 0.0199921 -0.0000000 641.3986742 0.0199921 0.8089319 -0.0000000 -873.4738835 -0.0000000 0.0000000 0.8091789 -92.2156931 0.0000000 0.0000000 0.0000000 1.0000000</matrix>
                        <instance_node url="#ID161" />
                    </node>
                    <node id="ID188" name="instance_10">
                        <matrix>0.8091789 -0.0000000 0.0000000 1085.7489469 0.0000000 0.8091789 0.0000000 -878.9639705 0.0000000 0.0000000 0.8091789 -92.2155903 0.0000000 0.0000000 0.0000000 1.0000000</matrix>
                        <instance_node url="#ID189" />
                    </node>
                    <node id="ID216" name="instance_11">
                        <matrix>-0.0099968 0.0000000 -0.8091172 894.1314189 -0.8091172 0.0000000 0.0099968 1597.0399265 0.0000000 0.8091789 0.0000000 553.3068904 0.0000000 0.0000000 0.0000000 1.0000000</matrix>
                        <instance_node url="#ID217" />
                    </node>
                    <node id="ID282" name="instance_12">
                        <matrix>-0.0099968 0.0000000 0.8091172 894.1314189 -0.8091172 0.0000000 -0.0099968 1597.0399265 0.0000000 0.8091789 0.0000000 553.3068904 0.0000000 0.0000000 0.0000000 1.0000000</matrix>
                        <instance_node url="#ID283" />
                    </node>
                    <node id="ID348" name="instance_13">
                        <matrix>-0.8089319 0.0199921 0.0000000 1681.4840072 0.0199921 0.8089319 0.0000000 1142.6827142 0.0000000 0.0000000 0.8091789 326.9390885 0.0000000 0.0000000 0.0000000 1.0000000</matrix>
                        <instance_node url="#ID349" />
                    </node>
                    <node id="ID356" name="instance_14">
                        <matrix>0.8091789 -0.0000000 0.0000000 35.4402267 0.0000000 0.8091789 0.0000000 2386.0731054 0.0000000 0.0000000 0.8091789 392.8439459 0.0000000 0.0000000 0.0000000 1.0000000</matrix>
                        <instance_node url="#ID357" />
                    </node>
                    <node id="ID364" name="instance_15">
                        <matrix>-0.8089374 0.0197700 0.0000000 642.2136884 0.0197700 0.8089374 0.0000000 -873.5448954 0.0000000 0.0000000 0.8091789 -92.2155903 0.0000000 0.0000000 0.0000000 1.0000000</matrix>
                        <instance_node url="#ID365" />
                    </node>
                    <node id="ID390" name="instance_16">
                        <matrix>0.8091789 -0.0000000 0.0000000 95.7935362 0.0000000 0.8091789 0.0000000 1162.2742427 0.0000000 0.0000000 0.8091789 326.9390885 0.0000000 0.0000000 0.0000000 1.0000000</matrix>
                        <instance_node url="#ID391" />
                    </node>
                    <node id="ID398" name="instance_17">
                        <matrix>0.8091789 -0.0000000 0.0000000 133.6680394 0.0000000 0.8091789 0.0000000 2852.1983059 0.0000000 0.0000000 0.8091789 718.4647830 0.0000000 0.0000000 0.0000000 1.0000000</matrix>
                        <instance_node url="#ID399" />
                    </node>
                    <node id="ID426" name="instance_18">
                        <matrix>-0.8089319 0.0199922 0.0000000 1772.0547647 0.0199922 0.8089319 0.0000000 2364.6168025 0.0000000 -0.0000000 0.8091789 392.8439381 0.0000000 0.0000000 0.0000000 1.0000000</matrix>
                        <instance_node url="#ID427" />
                    </node>
                    <node id="ID434" name="instance_19">
                        <matrix>0.8091789 -0.0000000 0.0000000 -295.2786074 0.0000000 0.8091789 0.0000000 878.9639705 0.0000000 0.0000000 0.8091789 746.0937673 0.0000000 0.0000000 0.0000000 1.0000000</matrix>
                        <instance_node url="#ID435" />
                    </node>
                    <node id="ID442" name="instance_20">
                        <matrix>-0.8089319 0.0199921 0.0000000 2065.4371302 0.0199921 0.8089319 0.0000000 849.7968470 0.0000000 0.0000000 0.8091789 746.0937673 0.0000000 0.0000000 0.0000000 1.0000000</matrix>
                        <instance_node url="#ID443" />
                    </node>
                </node>
                <node id="ID527" name="group_1">
                    <matrix>1.0000000 0.0000000 0.0000000 1977.5180820 0.0000000 1.0000000 0.0000000 5383.2875953 0.0000000 0.0000000 1.0000000 216.0000000 0.0000000 0.0000000 0.0000000 1.0000000</matrix>
                    <instance_geometry url="#ID630">
                        <bind_material>
                            <technique_common>
                                <instance_material symbol="Material2" target="#ID31">
                                    <bind_vertex_input semantic="UVSET0" input_semantic="TEXCOORD" input_set="0" />
                                </instance_material>
                            </technique_common>
                        </bind_material>
                    </instance_geometry>
                    <instance_geometry url="#ID636">
                        <bind_material>
                            <technique_common>
                                <instance_material symbol="Material2" target="#ID478">
                                    <bind_vertex_input semantic="UVSET0" input_semantic="TEXCOORD" input_set="0" />
                                </instance_material>
                            </technique_common>
                        </bind_material>
                    </instance_geometry>
                    <instance_geometry url="#ID640">
                        <bind_material>
                            <technique_common>
                                <instance_material symbol="Material2" target="#ID478">
                                    <bind_vertex_input semantic="UVSET0" input_semantic="TEXCOORD" input_set="0" />
                                </instance_material>
                            </technique_common>
                        </bind_material>
                    </instance_geometry>
                    <instance_geometry url="#ID644">
                        <bind_material>
                            <technique_common>
                                <instance_material symbol="Material2" target="#ID478">
                                    <bind_vertex_input semantic="UVSET0" input_semantic="TEXCOORD" input_set="0" />
                                </instance_material>
                            </technique_common>
                        </bind_material>
                    </instance_geometry>
                    <instance_geometry url="#ID648">
                        <bind_material>
                            <technique_common>
                                <instance_material symbol="Material2" target="#ID478">
                                    <bind_vertex_input semantic="UVSET0" input_semantic="TEXCOORD" input_set="0" />
                                </instance_material>
                            </technique_common>
                        </bind_material>
                    </instance_geometry>
                    <instance_geometry url="#ID652">
                        <bind_material>
                            <technique_common>
                                <instance_material symbol="Material2" target="#ID478">
                                    <bind_vertex_input semantic="UVSET0" input_semantic="TEXCOORD" input_set="0" />
                                </instance_material>
                            </technique_common>
                        </bind_material>
                    </instance_geometry>
                    <node id="ID528" name="instance_21">
                        <matrix>1.0000000 0.0000000 0.0000000 42.1323843 0.0000000 1.0000000 0.0000000 7.4513742 0.0000000 0.0000000 1.0000000 47.8410385 0.0000000 0.0000000 0.0000000 1.0000000</matrix>
                        <instance_node url="#ID529" />
                    </node>
                    <node id="ID566" name="instance_22">
                        <matrix>0.7660444 -0.6427876 0.0000000 64.4461702 0.6427876 0.7660444 0.0000000 15.5729281 -0.0000000 0.0000000 1.0000000 47.8410385 0.0000000 0.0000000 0.0000000 1.0000000</matrix>
                        <instance_node url="#ID529" />
                    </node>
                    <node id="ID567" name="instance_23">
                        <matrix>0.1736482 -0.9848078 0.0000000 76.3190878 0.9848078 0.1736482 0.0000000 36.1374244 -0.0000000 0.0000000 1.0000000 47.8410385 0.0000000 0.0000000 0.0000000 1.0000000</matrix>
                        <instance_node url="#ID529" />
                    </node>
                    <node id="ID568" name="instance_24">
                        <matrix>-0.5000000 -0.8660254 0.0000000 72.1956668 0.8660254 -0.5000000 0.0000000 59.5225069 0.0000000 0.0000000 1.0000000 47.8410385 0.0000000 0.0000000 0.0000000 1.0000000</matrix>
                        <instance_node url="#ID529" />
                    </node>
                    <node id="ID569" name="instance_25">
                        <matrix>-0.9396926 -0.3420201 0.0000000 54.0053018 0.3420201 -0.9396926 0.0000000 74.7860354 0.0000000 0.0000000 1.0000000 47.8410385 0.0000000 0.0000000 0.0000000 1.0000000</matrix>
                        <instance_node url="#ID529" />
                    </node>
                    <node id="ID570" name="instance_26">
                        <matrix>-0.5000000 0.8660254 0.0000000 12.0691018 -0.8660254 -0.5000000 0.0000000 59.5225069 0.0000000 0.0000000 1.0000000 47.8410385 0.0000000 0.0000000 0.0000000 1.0000000</matrix>
                        <instance_node url="#ID529" />
                    </node>
                    <node id="ID571" name="instance_27">
                        <matrix>-0.9396926 0.3420201 0.0000000 30.2594668 -0.3420201 -0.9396926 0.0000000 74.7860354 0.0000000 0.0000000 1.0000000 47.8410385 0.0000000 0.0000000 0.0000000 1.0000000</matrix>
                        <instance_node url="#ID529" />
                    </node>
                    <node id="ID572" name="instance_28">
                        <matrix>0.7660444 0.6427876 0.0000000 19.8185983 -0.6427876 0.7660444 0.0000000 15.5729281 0.0000000 -0.0000000 1.0000000 47.8410385 0.0000000 0.0000000 0.0000000 1.0000000</matrix>
                        <instance_node url="#ID529" />
                    </node>
                    <node id="ID573" name="instance_29">
                        <matrix>0.1736482 0.9848078 0.0000000 7.9456808 -0.9848078 0.1736482 0.0000000 36.1374244 0.0000000 -0.0000000 1.0000000 47.8410385 0.0000000 0.0000000 0.0000000 1.0000000</matrix>
                        <instance_node url="#ID529" />
                    </node>
                    <node id="ID574" name="instance_30">
                        <matrix>1.0000000 0.0000000 0.0000000 33.1704960 0.0000000 1.0000000 0.0000000 33.1960525 0.0000000 0.0000000 1.0000000 0.0000000 0.0000000 0.0000000 0.0000000 1.0000000</matrix>
                        <instance_node url="#ID575" />
                    </node>
                </node>
                <node id="ID656" name="group_2">
                    <matrix>1.0000000 0.0000000 0.0000000 2070.1480693 0.0000000 1.0000000 0.0000000 5358.0747921 0.0000000 0.0000000 1.0000000 216.0000000 0.0000000 0.0000000 0.0000000 1.0000000</matrix>
                    <instance_geometry url="#ID667">
                        <bind_material>
                            <technique_common>
                                <instance_material symbol="Material2" target="#ID31">
                                    <bind_vertex_input semantic="UVSET0" input_semantic="TEXCOORD" input_set="0" />
                                </instance_material>
                            </technique_common>
                        </bind_material>
                    </instance_geometry>
                    <instance_geometry url="#ID673">
                        <bind_material>
                            <technique_common>
                                <instance_material symbol="Material2" target="#ID478">
                                    <bind_vertex_input semantic="UVSET0" input_semantic="TEXCOORD" input_set="0" />
                                </instance_material>
                            </technique_common>
                        </bind_material>
                    </instance_geometry>
                    <instance_geometry url="#ID677">
                        <bind_material>
                            <technique_common>
                                <instance_material symbol="Material2" target="#ID478">
                                    <bind_vertex_input semantic="UVSET0" input_semantic="TEXCOORD" input_set="0" />
                                </instance_material>
                            </technique_common>
                        </bind_material>
                    </instance_geometry>
                    <instance_geometry url="#ID681">
                        <bind_material>
                            <technique_common>
                                <instance_material symbol="Material2" target="#ID478">
                                    <bind_vertex_input semantic="UVSET0" input_semantic="TEXCOORD" input_set="0" />
                                </instance_material>
                            </technique_common>
                        </bind_material>
                    </instance_geometry>
                    <instance_geometry url="#ID685">
                        <bind_material>
                            <technique_common>
                                <instance_material symbol="Material2" target="#ID478">
                                    <bind_vertex_input semantic="UVSET0" input_semantic="TEXCOORD" input_set="0" />
                                </instance_material>
                            </technique_common>
                        </bind_material>
                    </instance_geometry>
                    <instance_geometry url="#ID689">
                        <bind_material>
                            <technique_common>
                                <instance_material symbol="Material2" target="#ID478">
                                    <bind_vertex_input semantic="UVSET0" input_semantic="TEXCOORD" input_set="0" />
                                </instance_material>
                            </technique_common>
                        </bind_material>
                    </instance_geometry>
                    <node id="ID657" name="instance_21">
                        <matrix>1.0000000 0.0000000 0.0000000 42.1323843 0.0000000 1.0000000 0.0000000 7.4513742 0.0000000 0.0000000 1.0000000 47.8410385 0.0000000 0.0000000 0.0000000 1.0000000</matrix>
                        <instance_node url="#ID529" />
                    </node>
                    <node id="ID658" name="instance_22">
                        <matrix>0.7660444 -0.6427876 0.0000000 64.4461702 0.6427876 0.7660444 0.0000000 15.5729281 -0.0000000 0.0000000 1.0000000 47.8410385 0.0000000 0.0000000 0.0000000 1.0000000</matrix>
                        <instance_node url="#ID529" />
                    </node>
                    <node id="ID659" name="instance_23">
                        <matrix>0.1736482 -0.9848078 0.0000000 76.3190878 0.9848078 0.1736482 0.0000000 36.1374244 -0.0000000 0.0000000 1.0000000 47.8410385 0.0000000 0.0000000 0.0000000 1.0000000</matrix>
                        <instance_node url="#ID529" />
                    </node>
                    <node id="ID660" name="instance_24">
                        <matrix>-0.5000000 -0.8660254 0.0000000 72.1956668 0.8660254 -0.5000000 0.0000000 59.5225069 0.0000000 0.0000000 1.0000000 47.8410385 0.0000000 0.0000000 0.0000000 1.0000000</matrix>
                        <instance_node url="#ID529" />
                    </node>
                    <node id="ID661" name="instance_25">
                        <matrix>-0.9396926 -0.3420201 0.0000000 54.0053018 0.3420201 -0.9396926 0.0000000 74.7860354 0.0000000 0.0000000 1.0000000 47.8410385 0.0000000 0.0000000 0.0000000 1.0000000</matrix>
                        <instance_node url="#ID529" />
                    </node>
                    <node id="ID662" name="instance_26">
                        <matrix>-0.5000000 0.8660254 0.0000000 12.0691018 -0.8660254 -0.5000000 0.0000000 59.5225069 0.0000000 0.0000000 1.0000000 47.8410385 0.0000000 0.0000000 0.0000000 1.0000000</matrix>
                        <instance_node url="#ID529" />
                    </node>
                    <node id="ID663" name="instance_27">
                        <matrix>-0.9396926 0.3420201 0.0000000 30.2594668 -0.3420201 -0.9396926 0.0000000 74.7860354 0.0000000 0.0000000 1.0000000 47.8410385 0.0000000 0.0000000 0.0000000 1.0000000</matrix>
                        <instance_node url="#ID529" />
                    </node>
                    <node id="ID664" name="instance_28">
                        <matrix>0.7660444 0.6427876 0.0000000 19.8185983 -0.6427876 0.7660444 0.0000000 15.5729281 0.0000000 -0.0000000 1.0000000 47.8410385 0.0000000 0.0000000 0.0000000 1.0000000</matrix>
                        <instance_node url="#ID529" />
                    </node>
                    <node id="ID665" name="instance_29">
                        <matrix>0.1736482 0.9848078 0.0000000 7.9456808 -0.9848078 0.1736482 0.0000000 36.1374244 0.0000000 -0.0000000 1.0000000 47.8410385 0.0000000 0.0000000 0.0000000 1.0000000</matrix>
                        <instance_node url="#ID529" />
                    </node>
                    <node id="ID666" name="instance_30">
                        <matrix>1.0000000 0.0000000 0.0000000 33.1704960 0.0000000 1.0000000 0.0000000 33.1960525 0.0000000 0.0000000 1.0000000 0.0000000 0.0000000 0.0000000 0.0000000 1.0000000</matrix>
                        <instance_node url="#ID575" />
                    </node>
                </node>
                <node id="ID693" name="group_3">
                    <matrix>1.0000000 0.0000000 0.0000000 2162.7780567 0.0000000 1.0000000 0.0000000 5332.8619888 0.0000000 0.0000000 1.0000000 216.0000000 0.0000000 0.0000000 0.0000000 1.0000000</matrix>
                    <instance_geometry url="#ID704">
                        <bind_material>
                            <technique_common>
                                <instance_material symbol="Material2" target="#ID31">
                                    <bind_vertex_input semantic="UVSET0" input_semantic="TEXCOORD" input_set="0" />
                                </instance_material>
                            </technique_common>
                        </bind_material>
                    </instance_geometry>
                    <instance_geometry url="#ID710">
                        <bind_material>
                            <technique_common>
                                <instance_material symbol="Material2" target="#ID478">
                                    <bind_vertex_input semantic="UVSET0" input_semantic="TEXCOORD" input_set="0" />
                                </instance_material>
                            </technique_common>
                        </bind_material>
                    </instance_geometry>
                    <instance_geometry url="#ID714">
                        <bind_material>
                            <technique_common>
                                <instance_material symbol="Material2" target="#ID478">
                                    <bind_vertex_input semantic="UVSET0" input_semantic="TEXCOORD" input_set="0" />
                                </instance_material>
                            </technique_common>
                        </bind_material>
                    </instance_geometry>
                    <instance_geometry url="#ID718">
                        <bind_material>
                            <technique_common>
                                <instance_material symbol="Material2" target="#ID478">
                                    <bind_vertex_input semantic="UVSET0" input_semantic="TEXCOORD" input_set="0" />
                                </instance_material>
                            </technique_common>
                        </bind_material>
                    </instance_geometry>
                    <instance_geometry url="#ID722">
                        <bind_material>
                            <technique_common>
                                <instance_material symbol="Material2" target="#ID478">
                                    <bind_vertex_input semantic="UVSET0" input_semantic="TEXCOORD" input_set="0" />
                                </instance_material>
                            </technique_common>
                        </bind_material>
                    </instance_geometry>
                    <instance_geometry url="#ID726">
                        <bind_material>
                            <technique_common>
                                <instance_material symbol="Material2" target="#ID478">
                                    <bind_vertex_input semantic="UVSET0" input_semantic="TEXCOORD" input_set="0" />
                                </instance_material>
                            </technique_common>
                        </bind_material>
                    </instance_geometry>
                    <node id="ID694" name="instance_21">
                        <matrix>1.0000000 0.0000000 0.0000000 42.1323843 0.0000000 1.0000000 0.0000000 7.4513742 0.0000000 0.0000000 1.0000000 47.8410385 0.0000000 0.0000000 0.0000000 1.0000000</matrix>
                        <instance_node url="#ID529" />
                    </node>
                    <node id="ID695" name="instance_22">
                        <matrix>0.7660444 -0.6427876 0.0000000 64.4461702 0.6427876 0.7660444 0.0000000 15.5729281 -0.0000000 0.0000000 1.0000000 47.8410385 0.0000000 0.0000000 0.0000000 1.0000000</matrix>
                        <instance_node url="#ID529" />
                    </node>
                    <node id="ID696" name="instance_23">
                        <matrix>0.1736482 -0.9848078 0.0000000 76.3190878 0.9848078 0.1736482 0.0000000 36.1374244 -0.0000000 0.0000000 1.0000000 47.8410385 0.0000000 0.0000000 0.0000000 1.0000000</matrix>
                        <instance_node url="#ID529" />
                    </node>
                    <node id="ID697" name="instance_24">
                        <matrix>-0.5000000 -0.8660254 0.0000000 72.1956668 0.8660254 -0.5000000 0.0000000 59.5225069 0.0000000 0.0000000 1.0000000 47.8410385 0.0000000 0.0000000 0.0000000 1.0000000</matrix>
                        <instance_node url="#ID529" />
                    </node>
                    <node id="ID698" name="instance_25">
                        <matrix>-0.9396926 -0.3420201 0.0000000 54.0053018 0.3420201 -0.9396926 0.0000000 74.7860354 0.0000000 0.0000000 1.0000000 47.8410385 0.0000000 0.0000000 0.0000000 1.0000000</matrix>
                        <instance_node url="#ID529" />
                    </node>
                    <node id="ID699" name="instance_26">
                        <matrix>-0.5000000 0.8660254 0.0000000 12.0691018 -0.8660254 -0.5000000 0.0000000 59.5225069 0.0000000 0.0000000 1.0000000 47.8410385 0.0000000 0.0000000 0.0000000 1.0000000</matrix>
                        <instance_node url="#ID529" />
                    </node>
                    <node id="ID700" name="instance_27">
                        <matrix>-0.9396926 0.3420201 0.0000000 30.2594668 -0.3420201 -0.9396926 0.0000000 74.7860354 0.0000000 0.0000000 1.0000000 47.8410385 0.0000000 0.0000000 0.0000000 1.0000000</matrix>
                        <instance_node url="#ID529" />
                    </node>
                    <node id="ID701" name="instance_28">
                        <matrix>0.7660444 0.6427876 0.0000000 19.8185983 -0.6427876 0.7660444 0.0000000 15.5729281 0.0000000 -0.0000000 1.0000000 47.8410385 0.0000000 0.0000000 0.0000000 1.0000000</matrix>
                        <instance_node url="#ID529" />
                    </node>
                    <node id="ID702" name="instance_29">
                        <matrix>0.1736482 0.9848078 0.0000000 7.9456808 -0.9848078 0.1736482 0.0000000 36.1374244 0.0000000 -0.0000000 1.0000000 47.8410385 0.0000000 0.0000000 0.0000000 1.0000000</matrix>
                        <instance_node url="#ID529" />
                    </node>
                    <node id="ID703" name="instance_30">
                        <matrix>1.0000000 0.0000000 0.0000000 33.1704960 0.0000000 1.0000000 0.0000000 33.1960525 0.0000000 0.0000000 1.0000000 0.0000000 0.0000000 0.0000000 0.0000000 1.0000000</matrix>
                        <instance_node url="#ID575" />
                    </node>
                </node>
                <node id="ID730" name="group_4">
                    <matrix>1.0000000 0.0000000 0.0000000 2255.4080440 0.0000000 1.0000000 0.0000000 5307.6491856 0.0000000 0.0000000 1.0000000 216.0000000 0.0000000 0.0000000 0.0000000 1.0000000</matrix>
                    <instance_geometry url="#ID741">
                        <bind_material>
                            <technique_common>
                                <instance_material symbol="Material2" target="#ID31">
                                    <bind_vertex_input semantic="UVSET0" input_semantic="TEXCOORD" input_set="0" />
                                </instance_material>
                            </technique_common>
                        </bind_material>
                    </instance_geometry>
                    <instance_geometry url="#ID747">
                        <bind_material>
                            <technique_common>
                                <instance_material symbol="Material2" target="#ID478">
                                    <bind_vertex_input semantic="UVSET0" input_semantic="TEXCOORD" input_set="0" />
